# msl3
5.0000000e+01
7.5000000e+01
1.0000000e+02
1.2500000e+02
1.5000000e+02
1.7500000e+02
2.0000000e+02
2.2500000e+02
2.5000000e+02
2.7500000e+02
3.0000000e+02
3.2500000e+02
3.5000000e+02
3.7500000e+02
4.0000000e+02
4.2500000e+02
4.5000000e+02
4.7500000e+02
5.0000000e+02
5.5000000e+02
6.0000000e+02
6.5000000e+02
7.0000000e+02
7.5000000e+02
8.0000000e+02
8.5000000e+02
9.0000000e+02
9.5000000e+02
1.0000000e+03
1.1000000e+03
1.2000000e+03
1.3000000e+03
1.4000000e+03
1.5000000e+03
1.6000000e+03
1.7000000e+03
1.8000000e+03
1.9000000e+03
2.0000000e+03
2.2000000e+03
2.4000000e+03
2.6000000e+03
2.8000000e+03
3.0000000e+03
3.5000000e+03
4.5000000e+01
5.5000000e+01
6.0000000e+01
6.5000000e+01
8.0000000e+01
2.1000000e+03
2.3000000e+03
2.5000000e+03
